VERSION_CODE,LINE_CODE,STATION_CODE,TCC_STATION_CODE,STATION_NAME,STATION_ERG_CODE,DOWN_SEQUENCE,IS_SHARE_LINE,STATION_TYPE,STATION_MODALITY,X_COORDINATE,Y_COORDINATE,SWITCH_CODE,IS_USE_STATE,IS_CA_OD_ROUTE,REMARK
CZ20181213006,1,103,0103,苹果园,150995203,23,,1,,15,388,,1,1,
CZ20181213006,1,104,0104,古城,150995204,22,,1,,38,405,,1,1,
CZ20181213006,1,105,0105,八角游乐园,150995205,21,,1,,61,421,,1,1,
CZ20181213006,1,106,0106,八宝山,150995206,20,,1,,85,421,,1,1,
CZ20181213006,1,107,0107,玉泉路,150995207,19,,1,,107,421,,1,1,
CZ20181213006,1,108,0108,五棵松,150995208,18,,1,,126,421,,1,1,
CZ20181213006,1,109,0109,万寿路,150995209,17,,1,,153,421,,1,1,
CZ20181213006,1,110,0110,公主坟,150995210,16,,2,,177,421,,1,1,
CZ20181213006,1,111,0111,军事博物馆,150995211,15,,2,,200,421,,1,1,
CZ20181213006,1,112,0112,木樨地,150995212,14,,1,,224,421,,1,1,
CZ20181213006,1,113,0113,南礼士路,150995213,13,,1,,249,421,,1,1,
CZ20181213006,1,114,0114,复兴门,150995214,12,,2,,276,421,,1,1,
CZ20181213006,1,115,0115,西单,150995215,11,,2,,319,421,,1,1,
CZ20181213006,1,116,0116,天安门西,150995216,10,,1,,351,421,,1,1,
CZ20181213006,1,117,0117,天安门东,150995217,9,,1,,385,421,,1,1,
CZ20181213006,1,118,0118,王府井,150995218,8,,1,,421,421,,1,1,
CZ20181213006,1,119,0119,东单,150995219,7,,2,,456,421,,1,1,
CZ20181213006,1,120,0120,建国门,150995220,6,,2,,491,421,,1,1,
CZ20181213006,1,121,0121,永安里,150995221,5,,1,,518,421,,1,1,
CZ20181213006,1,122,0122,国贸,150995222,4,,2,,556,421,,1,1,
CZ20181213006,1,123,0123,大望路,150995223,3,,2,,578,422,,1,1,
CZ20181213006,1,124,0124,四惠,150995224,2,,2,,602,434,,1,1,
CZ20181213006,1,125,0125,四惠东,150995225,1,,2,,625,434,,1,1,
CZ20181213006,2,201,0201,西直门,150995457,19,,2,,276,339,,1,1,
CZ20181213006,2,202,0202,车公庄,150995458,18,,2,,276,364,,1,1,
CZ20181213006,2,203,0203,阜成门,150995459,17,,1,,276,390,,1,1,
CZ20181213006,2,204,0204,复兴门,150995460,16,,2,,276,421,,1,1,
CZ20181213006,2,205,0205,长椿街,150995461,15,,1,,276,463,,1,1,
CZ20181213006,2,206,0206,宣武门,150995462,14,,2,,319,463,,1,1,
CZ20181213006,2,207,0207,和平门,150995463,13,,1,,361,463,,1,1,
CZ20181213006,2,208,0208,前门,150995464,12,,1,,409,463,,1,1,
CZ20181213006,2,209,0209,崇文门,150995465,11,,2,,456,463,,1,1,
CZ20181213006,2,210,0210,北京站,150995466,10,,1,,491,463,,1,1,
CZ20181213006,2,211,0211,建国门,150995467,9,,2,,491,421,,1,1,
CZ20181213006,2,212,0212,朝阳门,150995468,8,,2,,491,392,,1,1,
CZ20181213006,2,213,0213,东四十条,150995469,7,,1,,491,363,,1,1,
CZ20181213006,2,214,0214,东直门,150995470,6,,2,,491,336,,1,1,
CZ20181213006,2,215,0215,雍和宫,150995471,5,,2,,456,305,,1,1,
CZ20181213006,2,216,0216,安定门,150995472,4,,1,,406,305,,1,1,
CZ20181213006,2,217,0217,鼓楼大街,150995473,3,,2,,352,305,,1,1,
CZ20181213006,2,218,0218,积水潭,150995474,2,,1,,302,305,,1,1,
CZ20181213006,4,421,0421,安河桥北,150995989,1,,1,,104,138,,1,1,
CZ20181213006,4,423,0423,北宫门,150995991,2,,1,,133,138,,1,1,
CZ20181213006,4,425,0425,西苑,150995993,3,,2,,166,138,,1,1,
CZ20181213006,4,427,0427,圆明园,150995995,4,,1,,194,138,,1,1,
CZ20181213006,4,429,0429,北京大学东门,150995997,5,,1,,194,170,,1,1,
CZ20181213006,4,431,0431,中关村,150995999,6,,1,,194,194,,1,1,
CZ20181213006,4,433,0433,海淀黄庄,150996001,7,,2,,194,235,,1,1,
CZ20181213006,4,435,0435,人民大学,150996003,8,,1,,194,275,,1,1,
CZ20181213006,4,437,0437,魏公村,150996005,9,,1,,194,300,,1,1,
CZ20181213006,4,439,0439,国家图书馆,150996007,10,,2,,194,338,,1,1,
CZ20181213006,4,441,0441,动物园,150996009,11,,1,,238,339,,1,1,
CZ20181213006,4,443,0443,西直门,150996011,12,,2,,276,339,,1,1,
CZ20181213006,4,445,0445,新街口,150996013,13,,1,,319,339,,1,1,
CZ20181213006,4,447,0447,平安里,150996015,14,,2,,319,360,,1,1,
CZ20181213006,4,449,0449,西四,150996017,15,,1,,319,377,,1,1,
CZ20181213006,4,451,0451,灵境胡同,150996019,16,,1,,319,400,,1,1,
CZ20181213006,4,453,0453,西单,150996021,17,,2,,319,421,,1,1,
CZ20181213006,4,455,0455,宣武门,150996023,18,,2,,319,463,,1,1,
CZ20181213006,4,457,0457,菜市口,150996025,19,,2,,319,482,,1,1,
CZ20181213006,4,459,0459,陶然亭,150996027,20,,1,,319,499,,1,1,
CZ20181213006,4,461,0461,北京南站,150996029,21,,2,,319,516,,1,1,
CZ20181213006,4,463,0463,马家堡,150996031,22,,1,,319,532,,1,1,
CZ20181213006,4,465,0465,角门西,150996033,23,,2,,319,554,,1,1,
CZ20181213006,4,467,0467,公益西桥,150996035,24,,2,,319,575,,1,1,
CZ20181213006,5,521,0521,天通苑北,150996245,1,,1,,456,39,,1,1,
CZ20181213006,5,523,0523,天通苑,150996247,2,,1,,456,67,,1,1,
CZ20181213006,5,525,0525,天通苑南,150996249,3,,1,,456,93,,1,1,
CZ20181213006,5,527,0527,立水桥,150996251,4,,2,,456,118,,1,1,
CZ20181213006,5,529,0529,立水桥南,150996253,5,,1,,456,141,,1,1,
CZ20181213006,5,531,0531,北苑路北,150996255,6,,1,,456,164,,1,1,
CZ20181213006,5,533,0533,大屯路东,150996257,7,,2,,456,186,,1,1,
CZ20181213006,5,535,0535,惠新西街北口,150996259,8,,1,,456,208,,1,1,
CZ20181213006,5,537,0537,惠新西街南口,150996261,9,,2,,456,235,,1,1,
CZ20181213006,5,539,0539,和平西桥,150996263,10,,1,,456,257,,1,1,
CZ20181213006,5,541,0541,和平里北街,150996265,11,,1,,456,277,,1,1,
CZ20181213006,5,543,0543,雍和宫,150996267,12,,2,,456,305,,1,1,
CZ20181213006,5,545,0545,北新桥,150996269,13,,1,,456,336,,1,1,
CZ20181213006,5,547,0547,张自忠路,150996271,14,,1,,456,348,,1,1,
CZ20181213006,5,549,0549,东四,150996273,15,,2,,456,376,,1,1,
CZ20181213006,5,551,0551,灯市口,150996275,16,,1,,456,398,,1,1,
CZ20181213006,5,553,0553,东单,150996277,17,,2,,456,421,,1,1,
CZ20181213006,5,555,0555,崇文门,150996279,18,,2,,456,463,,1,1,
CZ20181213006,5,557,0557,磁器口,150996281,19,,2,,456,486,,1,1,
CZ20181213006,5,559,0559,天坛东门,150996283,20,,1,,456,507,,1,1,
CZ20181213006,5,561,0561,蒲黄榆,150996285,21,,2,,456,527,,1,1,
CZ20181213006,5,563,0563,刘家窑,150996287,22,,1,,456,549,,1,1,
CZ20181213006,5,565,0565,宋家庄,150996289,23,,2,,456,579,,1,1,
CZ20181213006,6,621,0621,海淀五路居,150996501,28,,1,,84,359,,1,1,
CZ20181213006,6,623,0623,慈寿寺,150996503,27,,2,,122,359,,1,1,
CZ20181213006,6,625,0625,花园桥,150996505,26,,1,,158,359,,1,1,
CZ20181213006,6,627,0627,白石桥南,150996507,25,,2,,204,358,,1,1,
CZ20181213006,6,631,0631,车公庄西,150996511,24,,1,,242,362,,1,1,
CZ20181213006,6,633,0633,车公庄,150996513,23,,2,,267,362,,1,1,
CZ20181213006,6,635,0635,平安里,150996515,22,,2,,317,367,,1,1,
CZ20181213006,6,637,0637,北海北,150996517,21,,1,,348,363,,1,1,
CZ20181213006,6,639,0639,南锣鼓巷,150996519,20,,2,,376,363,,1,1,
CZ20181213006,6,641,0641,东四,150996521,19,,2,,444,377,,1,1,
CZ20181213006,6,643,0643,朝阳门,150996523,18,,2,,495,382,,1,1,
CZ20181213006,6,645,0645,东大桥,150996525,17,,1,,530,389,,1,1,
CZ20181213006,6,647,0647,呼家楼,150996527,16,,2,,555,389,,1,1,
CZ20181213006,6,649,0649,金台路,150996529,15,,2,,592,392,,1,1,
CZ20181213006,6,651,0651,十里堡,150996531,14,,1,,609,389,,1,1,
CZ20181213006,6,653,0653,青年路,150996533,13,,1,,633,390,,1,1,
CZ20181213006,6,655,0655,褡裢坡,150996535,12,,1,,656,390,,1,1,
CZ20181213006,6,657,0657,黄渠,150996537,11,,1,,683,386,,1,1,
CZ20181213006,6,659,0659,常营,150996539,10,,1,,708,386,,1,1,
CZ20181213006,6,661,0661,草房,150996541,9,,1,,731,385,,1,1,
CZ20181213006,6,663,0663,物资学院路,150996543,8,,1,,749,383,,1,1,
CZ20181213006,6,665,0665,通州北关,150996545,7,,1,,767,382,,1,1,
CZ20181213006,6,667,0667,通运门,150996547,6,,1,,776,396,,1,1,
CZ20181213006,6,669,0669,北运河西,150996549,5,,1,,785,411,,1,1,
CZ20181213006,6,671,0671,北运河东,150996551,4,,1,,787,426,,1,1,
CZ20181213006,6,673,0673,郝家府,150996553,3,,1,,791,440,,1,1,
CZ20181213006,6,675,0675,东夏园,150996555,2,,1,,792,454,,1,1,
CZ20181213006,6,677,0677,潞城,150996557,1,,1,,795,465,,1,1,
CZ20181213006,7,721,0721,北京西站,150996757,21,,2,,201,444,,1,1,
CZ20181213006,7,723,0723,湾子,150996759,20,,1,,223,460,,1,1,
CZ20181213006,7,725,0725,达官营,150996761,19,,1,,248,475,,1,1,
CZ20181213006,7,727,0727,广安门内,150996763,18,,1,,277,489,,1,1,
CZ20181213006,7,729,0729,菜市口,150996765,17,,2,,309,495,,1,1,
CZ20181213006,7,731,0731,虎坊桥,150996767,16,,1,,355,491,,1,1,
CZ20181213006,7,733,0733,珠市口,150996769,15,,1,,385,491,,1,1,
CZ20181213006,7,735,0735,桥湾,150996771,14,,1,,417,489,,1,1,
CZ20181213006,7,737,0737,磁器口,150996773,13,,2,,448,491,,1,1,
CZ20181213006,7,739,0739,广渠门内,150996775,12,,1,,474,492,,1,1,
CZ20181213006,7,741,0741,广渠门外,150996777,11,,1,,509,491,,1,1,
CZ20181213006,7,743,0743,双井,150996779,10,,1,,533,492,,1,1,
CZ20181213006,7,745,0745,九龙山,150996781,9,,2,,581,489,,1,1,
CZ20181213006,7,747,0747,大郊亭,150996783,8,,1,,608,489,,1,1,
CZ20181213006,7,749,0749,百子湾,150996785,7,,1,,635,489,,1,1,
CZ20181213006,7,751,0751,化工,150996787,6,,1,,665,491,,1,1,
CZ20181213006,7,753,0753,南楼梓庄,150996789,5,,1,,681,506,,1,1,
CZ20181213006,7,755,0755,欢乐谷景区,150996791,4,,1,,683,523,,1,1,
CZ20181213006,7,757,0757,垡头,150996793,3,,1,,685,536,,1,1,
CZ20181213006,7,759,0759,双合,150996795,2,,1,,685,549,,1,1,
CZ20181213006,7,761,0761,焦化厂,150996797,1,,1,,688,563,,1,1,
CZ20181213006,8,805,0805,朱辛庄,150996997,1,,2,,288,69,,1,1,
CZ20181213006,8,807,0807,育知路,150996999,2,,1,,317,73,,1,1,
CZ20181213006,8,809,0809,平西府,150997001,3,,1,,358,78,,1,1,
CZ20181213006,8,811,0811,回龙观东大街,150997003,4,,1,,398,90,,1,1,
CZ20181213006,8,813,0813,霍营,150997005,5,,2,,398,118,,1,1,
CZ20181213006,8,815,0815,育新,150997007,6,,1,,373,130,,1,1,
CZ20181213006,8,817,0817,西小口,150997009,7,,1,,373,145,,1,1,
CZ20181213006,8,819,0819,永泰庄,150997011,8,,1,,373,160,,1,1,
CZ20181213006,8,821,0821,林萃桥,150997013,9,,1,,373,175,,1,1,
CZ20181213006,8,823,0823,森林公园南门,150997015,10,,1,,373,190,,1,1,
CZ20181213006,8,825,0825,奥林匹克公园,150997017,11,,2,,373,205,,1,1,
CZ20181213006,8,827,0827,奥体中心,150997019,12,,1,,373,220,,1,1,
CZ20181213006,8,829,0829,北土城,150997021,13,,2,,373,235,,1,1,
CZ20181213006,8,831,0831,安华桥,150997023,14,,1,,373,260,,1,1,
CZ20181213006,8,833,0833,安德里北街,150997025,15,,1,,373,280,,1,1,
CZ20181213006,8,835,0835,鼓楼大街,150997027,16,,2,,363,304,,1,1,
CZ20181213006,8,837,0837,什刹海,150997029,17,,1,,369,324,,1,1,
CZ20181213006,8,839,0839,南锣鼓巷,150997031,18,,2,,366,352,,1,1,
CZ20181213006,9,921,0921,国家图书馆,150997269,1,,2,,194,338,,1,1,
CZ20181213006,9,923,0923,白石桥南,150997271,2,,2,,194,364,,1,1,
CZ20181213006,9,925,0925,白堆子,150997273,3,,1,,194,389,,1,1,
CZ20181213006,9,927,0927,军事博物馆,150997275,4,,2,,200,420,,1,1,
CZ20181213006,9,929,0929,北京西站,150997277,5,,2,,192,440,,1,1,
CZ20181213006,9,931,0931,六里桥东,150997279,6,,1,,184,460,,1,1,
CZ20181213006,9,933,0933,六里桥,150997281,7,,2,,177,480,,1,1,
CZ20181213006,9,935,0935,七里庄,150997283,8,,2,,150,495,,1,1,
CZ20181213006,9,937,0937,丰台东大街,150997285,9,,1,,150,510,,1,1,
CZ20181213006,9,939,0939,丰台南路,150997287,10,,1,,150,530,,1,1,
CZ20181213006,9,941,0941,科怡路,150997289,11,,1,,150,550,,1,1,
CZ20181213006,9,943,0943,丰台科技园,150997291,12,,1,,150,570,,1,1,
CZ20181213006,9,945,0945,郭公庄,150997293,13,,2,,150,590,,1,1,
CZ20181213006,10,1001,1001,巴沟,150997505,1,,2,,131,235,,1,1,
CZ20181213006,10,1003,1003,苏州街,150997507,2,,1,,164,235,,1,1,
CZ20181213006,10,1005,1005,海淀黄庄,150997509,3,,2,,194,235,,1,1,
CZ20181213006,10,1007,1007,知春里,150997511,4,,1,,221,235,,1,1,
CZ20181213006,10,1009,1009,知春路,150997513,5,,2,,249,235,,1,1,
CZ20181213006,10,1011,1011,西土城,150997515,6,,1,,284,235,,1,1,
CZ20181213006,10,1013,1013,牡丹园,150997517,7,,1,,313,235,,1,1,
CZ20181213006,10,1015,1015,健德门,150997519,8,,1,,342,235,,1,1,
CZ20181213006,10,1017,1017,北土城,150997521,9,,2,,373,235,,1,1,
CZ20181213006,10,1019,1019,安贞门,150997523,10,,1,,405,235,,1,1,
CZ20181213006,10,1021,1021,惠新西街南口,150997525,11,,2,,456,235,,1,1,
CZ20181213006,10,1023,1023,芍药居,150997527,12,,2,,518,235,,1,1,
CZ20181213006,10,1025,1025,太阳宫,150997529,13,,1,,538,253,,1,1,
CZ20181213006,10,1027,1027,三元桥,150997531,14,,1,,556,271,,1,1,
CZ20181213006,10,1029,1029,亮马桥,150997533,15,,1,,556,299,,1,1,
CZ20181213006,10,1031,1031,农业展览馆,150997535,16,,1,,556,322,,1,1,
CZ20181213006,10,1033,1033,团结湖,150997537,17,,1,,556,346,,1,1,
CZ20181213006,10,1035,1035,呼家楼,150997539,18,,2,,556,372,,1,1,
CZ20181213006,10,1037,1037,金台夕照,150997541,19,,1,,556,397,,1,1,
CZ20181213006,10,1039,1039,国贸,150997543,20,,2,,556,421,,1,1,
CZ20181213006,10,1041,1041,双井,150997545,21,,1,,556,449,,1,1,
CZ20181213006,10,1043,1043,劲松,150997547,22,,2,,556,474,,1,1,
CZ20181213006,13,1321,1321,西直门,150998293,1,,2,,276,339,,1,1,
CZ20181213006,13,1323,1323,大钟寺,150998295,2,,1,,249,294,,1,1,
CZ20181213006,13,1325,1325,知春路,150998297,3,,2,,249,235,,1,1,
CZ20181213006,13,1327,1327,五道口,150998299,4,,1,,249,196,,1,1,
CZ20181213006,13,1329,1329,上地,150998301,5,,1,,249,150,,1,1,
CZ20181213006,13,1331,1331,西二旗,150998303,6,,2,,249,118,,1,1,
CZ20181213006,13,1333,1333,龙泽,150998305,7,,1,,297,118,,1,1,
CZ20181213006,13,1335,1335,回龙观,150998307,8,,1,,349,118,,1,1,
CZ20181213006,13,1337,1337,霍营,150998309,9,,2,,398,118,,1,1,
CZ20181213006,13,1339,1339,立水桥,150998311,10,,2,,456,118,,1,1,
CZ20181213006,13,1341,1341,北苑,150998313,11,,1,,518,118,,1,1,
CZ20181213006,13,1343,1343,望京西,150998315,12,,2,,518,176,,1,1,
CZ20181213006,13,1345,1345,芍药居,150998317,13,,2,,518,235,,1,1,
CZ20181213006,13,1347,1347,光熙门,150998319,14,,1,,518,265,,1,1,
CZ20181213006,13,1349,1349,柳芳,150998321,15,,1,,518,296,,1,1,
CZ20181213006,13,1351,1351,东直门,150998323,16,,2,,491,336,,1,1,
CZ20181213006,14,1421,1421,张郭庄,150998549,32,,1,,88,452,,1,1,
CZ20181213006,14,1423,1423,园博园,150998551,31,,1,,101,471,,1,1,
CZ20181213006,14,1425,1425,大瓦窑,150998553,30,,1,,108,485,,1,1,
CZ20181213006,14,1427,1427,郭庄子,150998555,29,,1,,116,494,,1,1,
CZ20181213006,14,1429,1429,大井,150998557,28,,1,,130,494,,1,1,
CZ20181213006,14,1431,1431,七里庄,150998559,27,,2,,151,489,,1,1,
CZ20181213006,14,1433,1433,西局,150998561,26,,2,,194,491,,1,1,
CZ20181213006,14,1445,1445,北京南站,150998573,25,,2,,327,513,,1,1,
CZ20181213006,14,1447,1447,陶然桥,150998575,24,,1,,355,519,,1,1,
CZ20181213006,14,1449,1449,永定门外,150998577,23,,1,,392,523,,1,1,
CZ20181213006,14,1451,1451,景泰,150998579,22,,1,,420,523,,1,1,
CZ20181213006,14,1453,1453,蒲黄榆,150998581,21,,2,,466,525,,1,1,
CZ20181213006,14,1455,1455,方庄,150998583,20,,1,,515,522,,1,1,
CZ20181213006,14,1457,1457,十里河,150998585,19,,2,,566,521,,1,1,
CZ20181213006,14,1459,1459,南八里庄,150998587,18,,1,,581,523,,1,1,
CZ20181213006,14,1461,1461,北工大西门,150998589,17,,1,,591,515,,1,1,
CZ20181213006,14,1463,1463,平乐园,150998591,16,,1,,591,499,,1,1,
CZ20181213006,14,1465,1465,九龙山,150998593,15,,2,,577,479,,1,1,
CZ20181213006,14,1467,1467,大望路,150998595,14,,2,,584,430,,1,1,
CZ20181213006,14,1469,1469,红庙,150998597,13,,1,,587,403,,1,1,
CZ20181213006,14,1471,1471,金台路,150998599,12,,2,,594,382,,1,1,
CZ20181213006,14,1473,1473,朝阳公园,150998601,11,,1,,595,352,,1,1,
CZ20181213006,14,1475,1475,枣营,150998603,10,,1,,595,318,,1,1,
CZ20181213006,14,1477,1477,东风北桥,150998605,9,,1,,595,288,,1,1,
CZ20181213006,14,1479,1479,将台,150998607,8,,1,,590,254,,1,1,
CZ20181213006,14,1481,1481,高家园,150998609,7,,1,,579,226,,1,1,
CZ20181213006,14,1483,1483,望京南,150998611,6,,1,,573,205,,1,1,
CZ20181213006,14,1485,1485,阜通,150998613,5,,1,,566,188,,1,1,
CZ20181213006,14,1487,1487,望京,150998615,4,,2,,552,159,,1,1,
CZ20181213006,14,1489,1489,东湖渠,150998617,3,,1,,548,135,,1,1,
CZ20181213006,14,1491,1491,来广营,150998619,2,,1,,545,115,,1,1,
CZ20181213006,14,1493,1493,善各庄,150998621,1,,1,,544,95,,1,1,
CZ20181213006,15,1525,1525,清华东路西口,150998809,20,,1,,255,178,,1,1,
CZ20181213006,15,1527,1527,六道口,150998811,19,,1,,283,178,,1,1,
CZ20181213006,15,1529,1529,北沙滩,150998813,18,,1,,308,179,,1,1,
CZ20181213006,15,1531,1531,奥林匹克公园,150998815,17,,2,,365,185,,1,1,
CZ20181213006,15,1533,1533,安立路,150998817,16,,1,,401,178,,1,1,
CZ20181213006,15,1535,1535,大屯路东,150998819,15,,2,,447,180,,1,1,
CZ20181213006,15,1537,1537,关庄,150998821,14,,1,,480,179,,1,1,
CZ20181213006,15,1539,1539,望京西,150998823,13,,2,,509,176,,1,1,
CZ20181213006,15,1541,1541,望京,150998825,12,,2,,556,168,,1,1,
CZ20181213006,15,1543,1543,望京东,150998827,11,,1,,581,148,,1,1,
CZ20181213006,15,1545,1545,崔各庄,150998829,10,,1,,580,117,,1,1,
CZ20181213006,15,1547,1547,马泉营,150998831,9,,1,,580,93,,1,1,
CZ20181213006,15,1549,1549,孙河,150998833,8,,1,,581,74,,1,1,
CZ20181213006,15,1551,1551,国展,150998835,7,,1,,581,56,,1,1,
CZ20181213006,15,1553,1553,花梨坎,150998837,6,,1,,581,37,,1,1,
CZ20181213006,15,1555,1555,后沙峪,150998839,5,,1,,612,37,,1,1,
CZ20181213006,15,1557,1557,南法信,150998841,4,,1,,634,36,,1,1,
CZ20181213006,15,1559,1559,石门,150998843,3,,1,,655,36,,1,1,
CZ20181213006,15,1561,1561,顺义,150998845,2,,1,,674,37,,1,1,
CZ20181213006,15,1563,1563,俸伯,150998847,1,,1,,706,40,,1,1,
CZ20181213006,16,1621,1621,北安河,150999061,1,,1,,50,670,,1,1,
CZ20181213006,16,1623,1623,温阳路,150999063,2,,1,,80,670,,1,1,
CZ20181213006,16,1625,1625,稻香湖路,150999065,3,,1,,110,670,,1,1,
CZ20181213006,16,1627,1627,屯佃,150999067,4,,1,,140,670,,1,1,
CZ20181213006,16,1629,1629,永丰,150999069,5,,1,,170,670,,1,1,
CZ20181213006,16,1631,1631,永丰南,150999071,6,,1,,200,670,,1,1,
CZ20181213006,16,1633,1633,西北旺,150999073,7,,1,,230,670,,1,1,
CZ20181213006,16,1635,1635,马连洼,150999075,8,,1,,260,670,,1,1,
CZ20181213006,16,1637,1637,农大南路,150999077,9,,1,,290,670,,1,1,
CZ20181213006,16,1639,1639,西苑,150999079,10,,2,,320,670,,1,1,
CZ20181213006,84,8421,8421,黄土店,151016469,6,,1,,200,820,,1,1,
CZ20181213006,84,8423,8423,昌平北,151016471,5,,1,,170,820,,1,1,
CZ20181213006,84,8425,8425,范各庄,151016473,4,,1,,140,820,,1,1,
CZ20181213006,84,8427,8427,怀柔北,151016475,3,,1,,110,820,,1,1,
CZ20181213006,84,8429,8429,黑山寺,151016477,2,,1,,80,820,,1,1,
CZ20181213006,84,8431,8431,古北口,151016479,1,,1,,50,820,,1,1,
CZ20181213006,85,8521,8521,衙门口,151016725,1,,1,,,,,1,1,
CZ20181213006,85,8523,8523,北京西站,151016727,4,,1,,140,790,,1,1,
CZ20181213006,85,8525,8525,北京站,151016729,3,,1,,110,790,,1,1,
CZ20181213006,85,8527,8527,北京东站,151016731,2,,1,,80,790,,1,1,
CZ20181213006,85,8529,8529,通州,151016733,1,,1,,50,50,,1,1,
CZ20181213006,89,8921,8921,香山,151017749,6,,1,,200,760,,1,1,
CZ20181213006,89,8923,8923,植物园,151017751,5,,1,,170,760,,1,1,
CZ20181213006,89,8925,8925,万安,151017753,4,,1,,140,760,,1,1,
CZ20181213006,89,8927,8927,茶棚,151017755,3,,1,,110,760,,1,1,
CZ20181213006,89,8929,8929,颐和园西门,151017757,2,,1,,80,760,,1,1,
CZ20181213006,89,8931,8931,巴沟,151017759,1,,1,,50,760,,1,1,
CZ20181213006,90,9021,,劲松,151018005,1,,2,,556,474,,1,1,
CZ20181213006,90,9023,1045,潘家园,151018007,2,,1,,556,500,,1,1,
CZ20181213006,90,9025,1047,十里河,151018009,3,,2,,556,525,,1,1,
CZ20181213006,90,9027,1049,分钟寺,151018011,4,,1,,556,550,,1,1,
CZ20181213006,90,9029,1051,成寿寺,151018013,5,,1,,506,579,,1,1,
CZ20181213006,90,9031,1053,宋家庄,151018015,6,,2,,456,579,,1,1,
CZ20181213006,90,9033,1055,石榴庄,151018017,7,,1,,425,572,,1,1,
CZ20181213006,90,9035,1057,大红门,151018019,8,,1,,390,566,,1,1,
CZ20181213006,90,9037,1059,角门东,151018021,9,,1,,355,560,,1,1,
CZ20181213006,90,9039,1061,角门西,151018023,10,,2,,319,554,,1,1,
CZ20181213006,90,9041,1063,草桥,151018025,11,,1,,290,554,,1,1,
CZ20181213006,90,9043,1065,纪家庙,151018027,12,,1,,260,554,,1,1,
CZ20181213006,90,9045,1067,首经贸,151018029,13,,1,,230,554,,1,1,
CZ20181213006,90,9047,1069,丰台站,151018031,14,,1,,210,535,,1,1,
CZ20181213006,90,9049,1071,泥洼,151018033,15,,1,,190,520,,1,1,
CZ20181213006,90,9051,1073,西局,151018035,16,,2,,187,501,,1,1,
CZ20181213006,90,9053,1075,六里桥,151018037,17,,2,,177,480,,1,1,
CZ20181213006,90,9055,1079,莲花桥,151018039,18,,1,,177,450,,1,1,
CZ20181213006,90,9057,1081,公主坟,151018041,19,,2,,177,421,,1,1,
CZ20181213006,90,9059,1083,西钓鱼台,151018043,20,,1,,153,390,,1,1,
CZ20181213006,90,9061,1085,慈寿寺,151018045,21,,2,,130,364,,1,1,
CZ20181213006,90,9063,1087,车道沟,151018047,22,,1,,130,330,,1,1,
CZ20181213006,90,9065,1089,长春桥,151018049,23,,1,,130,300,,1,1,
CZ20181213006,90,9067,1091,火器营,151018051,24,,1,,130,270,,1,1,
CZ20181213006,90,9069,,巴沟,151018053,25,,2,,131,235,,1,1,
CZ20181213006,91,9121,9121,石厂,151018261,7,,1,,230,730,,1,1,
CZ20181213006,91,9123,9123,小园,151018263,6,,1,,200,730,,1,1,
CZ20181213006,91,9125,9125,栗园庄,151018265,5,,1,,170,730,,1,1,
CZ20181213006,91,9127,9127,上岸,151018267,4,,1,,140,730,,1,1,
CZ20181213006,91,9129,9129,桥户营,151018269,3,,1,,110,730,,1,1,
CZ20181213006,91,9131,9131,四道桥,151018271,2,,1,,80,730,,1,1,
CZ20181213006,91,9133,9133,金安桥,151018273,1,,1,,50,730,,1,1,
CZ20181213006,91,9135,9135,苹果园,151018275,8,,1,,,,,1,1,
CZ20181213006,92,9221,9221,燕山,151018517,9,,1,,290,700,,1,1,
CZ20181213006,92,9223,9223,房山城关,151018519,8,,1,,260,700,,1,1,
CZ20181213006,92,9225,9225,饶乐府,151018521,7,,1,,230,700,,1,1,
CZ20181213006,92,9227,9227,马各庄,151018523,6,,1,,200,700,,1,1,
CZ20181213006,92,9229,9229,大石河东,151018525,5,,1,,170,700,,1,1,
CZ20181213006,92,9231,9231,星城,151018527,4,,1,,140,700,,1,1,
CZ20181213006,92,9233,9233,阎村,151018529,3,,1,,110,700,,1,1,
CZ20181213006,92,9235,9235,紫草坞,151018531,2,,1,,80,700,,1,1,
CZ20181213006,92,9237,9237,阎村东,151018533,1,,2,,50,700,,1,1,
CZ20181213006,93,9319,,公益西桥,151018771,1,,2,,319,575,,1,1,
CZ20181213006,93,9321,0469,新宫,151018773,2,,1,,290,575,,1,1,
CZ20181213006,93,9323,0471,西红门,151018775,3,,1,,260,575,,1,1,
CZ20181213006,93,9325,0473,高米店北,151018777,4,,1,,230,575,,1,1,
CZ20181213006,93,9327,0475,高米店南,151018779,5,,1,,200,575,,1,1,
CZ20181213006,93,9329,0477,枣园,151018781,6,,1,,170,575,,1,1,
CZ20181213006,93,9331,0479,清源路,151018783,7,,1,,140,575,,1,1,
CZ20181213006,93,9333,0481,黄村西大街,151018785,8,,1,,110,575,,1,1,
CZ20181213006,93,9335,0483,黄村火车站,151018787,9,,1,,90,575,,1,1,
CZ20181213006,93,9337,0485,义和庄,151018789,10,,1,,60,575,,1,1,
CZ20181213006,93,9339,0487,生物医药基地,151018791,11,,1,,30,575,,1,1,
CZ20181213006,93,9341,0489,天宫院,151018793,12,,1,,5,575,,1,1,
CZ20181213006,94,9419,9419,昌平西山口,151019027,1,,1,,304,15,,1,1,
CZ20181213006,94,9421,9421,十三陵景区,151019029,2,,1,,287,15,,1,1,
CZ20181213006,94,9423,9423,昌平,151019031,3,,1,,270,18,,1,1,
CZ20181213006,94,9425,9425,昌平东关,151019033,4,,1,,254,22,,1,1,
CZ20181213006,94,9427,9427,北邵洼,151019035,5,,1,,241,35,,1,1,
CZ20181213006,94,9429,9429,南邵,151019037,6,,1,,238,53,,1,1,
CZ20181213006,94,9431,9431,沙河高教园,151019039,7,,1,,241,70,,1,1,
CZ20181213006,94,9433,9433,沙河,151019041,8,,1,,245,80,,1,1,
CZ20181213006,94,9435,9435,巩华城,151019043,9,,1,,245,90,,1,1,
CZ20181213006,94,9437,9437,朱辛庄,151019045,10,,2,,248,100,,1,1,
CZ20181213006,94,9439,9439,生命科学园,151019047,11,,1,,245,110,,1,1,
CZ20181213006,94,9441,9441,西二旗,151019049,12,,2,,237,117,,1,1,
CZ20181213006,95,9521,9521,郭公庄,151019285,1,,2,,150,590,,1,1,
CZ20181213006,95,9523,9523,大葆台,151019287,2,,1,,140,575,,1,1,
CZ20181213006,95,9525,9525,稻田,151019289,3,,1,,130,560,,1,1,
CZ20181213006,95,9527,9527,长阳,151019291,4,,1,,120,545,,1,1,
CZ20181213006,95,9529,9529,篱笆房,151019293,5,,1,,110,530,,1,1,
CZ20181213006,95,9531,9531,广阳城,151019295,6,,1,,100,515,,1,1,
CZ20181213006,95,9533,9533,良乡大学城北,151019297,7,,1,,90,500,,1,1,
CZ20181213006,95,9535,9535,良乡大学城,151019299,8,,1,,80,485,,1,1,
CZ20181213006,95,9537,9537,良乡大学城西,151019301,9,,1,,70,470,,1,1,
CZ20181213006,95,9539,9539,良乡南关,151019303,10,,1,,60,455,,1,1,
CZ20181213006,95,9541,9541,苏庄,151019305,11,,1,,50,440,,1,1,
CZ20181213006,95,9543,9543,阎村东,151019307,12,,2,,100,100,,1,1,
CZ20181213006,96,9621,9621,宋家庄,151019541,1,,2,,456,579,,1,1,
CZ20181213006,96,9623,9623,肖村,151019543,2,,1,,470,579,,1,1,
CZ20181213006,96,9625,9625,小红门,151019545,3,,1,,485,579,,1,1,
CZ20181213006,96,9627,9627,旧宫,151019547,4,,1,,500,579,,1,1,
CZ20181213006,96,9629,9629,亦庄桥,151019549,5,,1,,515,579,,1,1,
CZ20181213006,96,9631,9631,亦庄文化园,151019551,6,,1,,530,579,,1,1,
CZ20181213006,96,9633,9633,万源街,151019553,7,,1,,545,579,,1,1,
CZ20181213006,96,9635,9635,荣京东街,151019555,8,,1,,560,579,,1,1,
CZ20181213006,96,9637,9637,荣昌东街,151019557,9,,1,,575,579,,1,1,
CZ20181213006,96,9639,9639,同济南路,151019559,10,,1,,590,579,,1,1,
CZ20181213006,96,9641,9641,经海路,151019561,11,,1,,605,579,,1,1,
CZ20181213006,96,9643,9643,次渠南,151019563,12,,1,,620,579,,1,1,
CZ20181213006,96,9645,9645,次渠,151019565,13,,1,,635,579,,1,1,
CZ20181213006,96,9647,9647,亦庄火车站,151019567,14,,1,,650,579,,1,1,
CZ20181213006,97,9701,9701,四惠,151019777,13,,2,,602,434,,1,1,
CZ20181213006,97,9702,9702,四惠东,151019778,12,,2,,625,434,,1,1,
CZ20181213006,97,9703,9703,高碑店,151019779,11,,1,,645,434,,1,1,
CZ20181213006,97,9704,9704,传媒大学,151019780,10,,1,,665,434,,1,1,
CZ20181213006,97,9705,9705,双桥,151019781,9,,1,,684,434,,1,1,
CZ20181213006,97,9706,9706,管庄,151019782,8,,1,,705,434,,1,1,
CZ20181213006,97,9707,9707,八里桥,151019783,7,,1,,726,434,,1,1,
CZ20181213006,97,9708,9708,通州北苑,151019784,6,,1,,742,452,,1,1,
CZ20181213006,97,9709,9709,果园,151019785,5,,1,,757,470,,1,1,
CZ20181213006,97,9710,9710,九棵树,151019786,4,,1,,776,494,,1,1,
CZ20181213006,97,9711,9711,梨园,151019787,3,,1,,794,517,,1,1,
CZ20181213006,97,9712,9712,临河里,151019788,2,,1,,809,537,,1,1,
CZ20181213006,97,9713,9713,土桥,151019789,1,,1,,827,562,,1,1,
CZ20181213006,98,9821,9821,东直门,151020053,1,,1,,,,,1,1,
CZ20181213006,98,9823,9823,三元桥,151020055,2,,1,,,,,1,1,
CZ20181213006,98,9825,9825,T2航站楼,151020057,4,,1,,,,,1,1,
CZ20181213006,98,9827,9827,T3航站楼,151020059,3,,1,,,,,1,1,
