LINECODE,STARTSTATION,TERMINALSTATION,SECTIONDISTANCE,RUNNINGTIME,DIRECTION
1,103,104,2606,220,0
1,104,105,1921,150,0
1,105,106,1953,150,0
1,106,107,1479,120,0
1,107,108,1810,140,0
1,108,109,1778,130,0
1,109,110,1313,100,0
1,110,111,1172,100,0
1,111,112,1166,100,0
1,112,113,1291,120,0
1,113,114,424,80,0
1,114,115,1590,120,0
1,115,116,1217,90,0
1,116,117,925,90,0
1,117,118,852,90,0
1,118,119,774,80,0
1,119,120,1230,110,0
1,120,121,1377,120,0
1,121,122,790,70,0
1,122,123,1385,120,0
1,123,124,1673,150,0
1,124,125,1714,150,0
2,201,202,909,83,0
2,202,203,960,83,0
2,203,204,1832,137,0
2,204,205,1234,116,0
2,205,206,929,87,0
2,206,207,851,86,0
2,207,208,1171,97,0
2,208,209,1634,123,0
2,209,210,1023,112,0
2,210,211,945,101,0
2,211,212,1763,127,0
2,212,213,1027,88,0
2,213,214,824,77,0
2,214,215,2228,172,0
2,215,216,794,77,0
2,216,217,1237,99,0
2,217,218,1766,127,0
2,218,201,1899,158,0
4,423,421,1363,109,0
4,425,423,1251,96,0
4,427,425,1672,123,0
4,429,427,1295,108,0
4,431,429,887,77,0
4,433,431,900,81,0
4,435,433,1063,84,0
4,437,435,1051,84,0
4,439,437,1658,116,0
4,441,439,1517,121,0
4,443,441,1441,113,0
4,445,443,1025,84,0
4,447,445,1100,95,0
4,449,447,1100,87,0
4,451,449,869,75,0
4,453,451,1011,87,0
4,455,453,815,75,0
4,457,455,1152,88,0
4,459,457,1200,97,0
4,461,459,1643,133,0
4,463,461,1480,115,0
4,465,463,827,73,0
4,467,465,989,80,0
5,523,521,939,85,0
5,525,523,965,86,0
5,527,525,1544,120,0
5,529,527,1305,122,0
5,531,529,1286,110,0
5,533,531,3000,180,0
5,535,533,1838,133,0
5,537,535,1122,99,0
5,539,537,1025,89,0
5,541,539,1059,93,0
5,543,541,1151,98,0
5,545,543,866,81,0
5,547,545,791,78,0
5,549,547,1016,89,0
5,551,549,848,81,0
5,553,551,945,83,0
5,555,553,821,79,0
5,557,555,876,80,0
5,559,557,1183,98,0
5,561,559,1900,133,0
5,563,561,905,81,0
5,565,563,1670,136,0
6,621,623,1508,121,0
6,623,625,1431,111,0
6,625,627,1166,96,0
6,627,631,1664,126,0
6,631,633,887,84,0
6,633,635,1443,108,0
6,635,637,1321,105,0
6,637,639,1349,106,0
6,639,641,1937,165,0
6,641,643,1399,106,0
6,643,645,1668,117,0
6,645,647,845,82,0
6,647,649,1450,108,0
6,649,651,2036,132,0
6,651,653,1282,102,0
6,653,655,3999,214,0
6,655,657,1238,100,0
6,657,659,1854,123,0
6,659,661,1405,120,0
6,661,663,2115,137,0
6,663,665,2557,163,0
6,665,667,1468,126,0
6,667,669,1543,114,0
6,669,671,1599,112,0
6,671,673,929,84,0
6,673,675,1346,103,0
6,675,677,1194,100,0
7,721,723,935,117,0
7,723,725,734,77,0
7,725,727,1874,132,0
7,727,729,1373,110,0
7,729,731,885,85,0
7,731,733,1205,98,0
7,733,735,869,83,0
7,735,737,1016,89,0
7,737,739,1138,96,0
7,739,741,1332,105,0
7,741,743,1241,103,0
7,743,745,1311,105,0
7,745,747,781,81,0
7,747,749,865,82,0
7,749,751,903,87,0
7,751,753,1464,110,0
7,753,755,906,83,0
7,755,757,1679,121,0
7,757,759,1304,99,0
7,759,761,1021,89,0
8,807,805,2318,173,0
8,809,807,1985,150,0
8,811,809,2056,170,0
8,813,811,1114,103,0
8,815,813,1894,151,0
8,817,815,1543,126,0
8,819,817,1041,94,0
8,821,819,2553,182,0
8,823,821,2555,178,0
8,825,823,1016,94,0
8,827,825,1667,133,0
8,829,827,900,90,0
8,831,829,1018,101,0
8,833,831,1274,110,0
8,835,833,1083,103,0
8,837,835,1188,112,0
8,839,837,902,91,0
9,921,923,1096,100,0
9,923,925,943,100,0
9,925,927,1912,146,0
9,927,929,1398,122,0
9,929,931,1170,112,0
9,931,933,1309,123,0
9,933,935,1778,147,0
9,935,937,1325,109,0
9,937,939,1585,119,0
9,939,941,980,87,0
9,941,943,788,77,0
9,943,945,1347,128,0
10,1003,1001,1110,91,0
10,1005,1003,950,81,0
10,1007,1005,975,82,0
10,1009,1007,1058,86,0
10,1011,1009,1101,91,0
10,1013,1011,1330,101,0
10,1015,1013,973,82,0
10,1017,1015,1100,91,0
10,1019,1017,1020,85,0
10,1021,1019,982,83,0
10,1023,1021,1712,124,0
10,1025,1023,1003,86,0
10,1027,1025,1759,127,0
10,1029,1027,1506,114,0
10,1031,1029,914,88,0
10,1033,1031,853,78,0
10,1035,1033,1149,91,0
10,1037,1035,734,71,0
10,1039,1037,835,75,0
10,1041,1039,1759,128,0
10,1043,1041,1006,87,0
13,1323,1321,2839,240,0
13,1325,1323,1206,100,0
13,1327,1325,1829,140,0
13,1329,1327,4866,300,0
13,1331,1329,2538,160,0
13,1333,1331,3623,260,0
13,1335,1333,1423,110,0
13,1337,1335,2110,150,0
13,1339,1337,4785,290,0
13,1341,1339,2272,150,0
13,1343,1341,6720,400,0
13,1345,1343,2152,150,0
13,1347,1345,1110,100,0
13,1349,1347,1135,100,0
13,1351,1349,1769,140,0
14,1421,1423,1345,107,0
14,1423,1425,4073,263,0
14,1425,1427,1236,105,0
14,1427,1429,2044,149,0
14,1429,1431,1579,120,0
14,1431,1433,845,81,0
14,1445,1447,887,79,0
14,1447,1449,1063,100,0
14,1449,1451,1119,95,0
14,1451,1453,1025,90,0
14,1453,1455,1486,115,0
14,1455,1457,1618,126,0
14,1457,1459,1147,91,0
14,1459,1461,1276,115,0
14,1461,1463,1128,90,0
14,1463,1465,897,90,0
14,1465,1467,1780,130,0
14,1467,1469,708,68,0
14,1469,1471,894,82,0
14,1471,1473,1085,88,0
14,1473,1475,1221,95,0
14,1475,1477,2173,160,0
14,1477,1479,1600,128,0
14,1479,1481,1171,96,0
14,1481,1483,676,75,0
14,1483,1485,1168,98,0
14,1485,1487,903,86,0
14,1487,1489,1283,105,0
14,1489,1491,1100,98,0
14,1491,1493,1364,125,0
15,1525,1527,1144,95,0
15,1527,1529,1337,102,0
15,1529,1531,1999,135,0
15,1531,1533,1368,104,0
15,1533,1535,938,85,0
15,1535,1537,1087,106,0
15,1537,1539,2071,177,0
15,1539,1541,1758,130,0
15,1541,1543,1652,121,0
15,1543,1545,2295,137,0
15,1545,1547,2008,143,0
15,1547,1549,3309,212,0
15,1549,1551,3386,184,0
15,1551,1553,1615,111,0
15,1553,1555,3354,185,0
15,1555,1557,4576,260,0
15,1557,1559,2712,172,0
15,1559,1561,1331,115,0
15,1561,1563,2441,177,0
16,1623,1621,2653,202,0
16,1625,1623,2310,186,0
16,1627,1625,2352,186,0
16,1629,1627,1961,166,0
16,1631,1629,1315,132,0
16,1633,1631,2108,175,0
16,1635,1633,2196,177,0
16,1637,1635,1517,132,0
16,1639,1637,2690,188,0
84,8421,8423,29200,660,0
84,8423,8425,44700,1006,0
84,8425,8427,5100,120,0
84,8427,8429,15000,360,0
84,8429,8431,41600,936,0
85,8523,8525,9100,205,0
85,8525,8527,5100,120,0
85,8527,8529,15400,360,0
89,8921,8923,983,187,0
89,8923,8925,1917,365,0
89,8925,8927,1550,295,0
89,8927,8929,1505,340,0
89,8929,8931,3045,754,0
90,9023,9021,1021,84,0
90,9025,9023,1097,89,0
90,9027,9025,1804,139,0
90,9029,9027,1058,87,0
90,9031,9029,1677,116,0
90,9033,9031,1269,100,0
90,9035,9033,1244,94,0
90,9037,9035,1130,89,0
90,9039,9037,1254,94,0
90,9041,9039,1688,116,0
90,9043,9041,1547,110,0
90,9045,9043,1143,88,0
90,9047,9045,1717,153,0
90,9049,9047,954,109,0
90,9051,9049,749,70,0
90,9053,9051,1584,111,0
90,9055,9053,2392,164,0
90,9057,9055,1016,84,0
90,9059,9057,2386,158,0
90,9061,9059,1214,92,0
90,9063,9061,1590,112,0
90,9065,9063,1205,102,0
90,9067,9065,961,81,0
90,9069,9067,1495,121,0
91,9121,9123,1297,98,0
91,9123,9125,1266,95,0
91,9125,9127,1044,82,0
91,9127,9129,1065,89,0
91,9129,9131,834,72,0
91,9131,9133,2736,173,0
92,9221,9223,2076,151,0
92,9223,9225,1777,138,0
92,9225,9227,984,94,0
92,9227,9229,2087,149,0
92,9229,9231,1929,145,0
92,9231,9233,1649,124,0
92,9233,9235,1210,106,0
92,9235,9237,1541,138,0
93,9321,9319,2798,204,0
93,9323,9321,5102,315,0
93,9325,9323,1810,121,0
93,9327,9325,1128,89,0
93,9329,9327,1096,87,0
93,9331,9329,1200,92,0
93,9333,9331,1214,92,0
93,9335,9333,987,104,0
93,9337,9335,2035,150,0
93,9339,9337,2918,181,0
93,9341,9339,1811,126,0
94,9421,9419,1213,99,0
94,9423,9421,3508,211,0
94,9425,9423,2433,145,0
94,9427,9425,1683,115,0
94,9429,9427,1958,153,0
94,9431,9429,5357,275,0
94,9433,9431,1964,142,0
94,9435,9433,2027,140,0
94,9437,9435,3799,230,0
94,9439,9437,2367,165,0
94,9441,9439,5440,290,0
95,9523,9521,1405,120,0
95,9525,9523,6466,355,0
95,9527,9525,4041,257,0
95,9529,9527,2150,161,0
95,9531,9529,1474,124,0
95,9533,9531,2003,137,0
95,9535,9533,1188,113,0
95,9537,9535,1738,129,0
95,9539,9537,1332,112,0
95,9541,9539,1330,111,0
95,9543,9541,2200,150,0
96,9623,9621,2631,195,0
96,9625,9623,1275,105,0
96,9627,9625,2366,157,0
96,9629,9627,1982,135,0
96,9631,9629,993,90,0
96,9633,9631,1728,111,0
96,9635,9633,1090,101,0
96,9637,9635,1355,103,0
96,9639,9637,2337,162,0
96,9641,9639,2301,150,0
96,9643,9641,2055,141,0
96,9645,9643,1281,100,0
96,9647,9645,1334,110,0
97,9701,9702,1715,140,0
97,9702,9703,1375,120,0
97,9703,9704,2002,140,0
97,9704,9705,1894,140,0
97,9705,9706,1912,140,0
97,9706,9707,1763,150,0
97,9707,9708,1700,140,0
97,9708,9709,1465,120,0
97,9709,9710,990,90,0
97,9710,9711,1225,110,0
97,9711,9712,1257,100,0
97,9712,9713,776,85,0
1,104,103,2606,220,1
1,105,104,1921,150,1
1,106,105,1953,150,1
1,107,106,1479,120,1
1,108,107,1810,140,1
1,109,108,1778,130,1
1,110,109,1313,110,1
1,111,110,1172,100,1
1,112,111,1166,100,1
1,113,112,1291,120,1
1,114,113,424,60,1
1,115,114,1590,120,1
1,116,115,1217,90,1
1,117,116,925,90,1
1,118,117,852,90,1
1,119,118,774,80,1
1,120,119,1230,110,1
1,121,120,1377,120,1
1,122,121,790,70,1
1,123,122,1385,120,1
1,124,123,1673,150,1
1,125,124,1714,150,1
2,201,218,1899,166,1
2,202,201,909,87,1
2,203,202,960,85,1
2,204,203,1832,137,1
2,205,204,1234,115,1
2,206,205,929,85,1
2,207,206,851,82,1
2,208,207,1171,95,1
2,209,208,1634,123,1
2,210,209,1023,112,1
2,211,210,945,99,1
2,212,211,1763,123,1
2,213,212,1027,88,1
2,214,213,824,78,1
2,215,214,2228,174,1
2,216,215,794,74,1
2,217,216,1237,98,1
2,218,217,1766,129,1
4,421,423,1363,109,1
4,423,425,1251,93,1
4,425,427,1672,133,1
4,427,429,1295,107,1
4,429,431,887,99,1
4,431,433,900,77,1
4,433,435,1063,86,1
4,435,437,1051,88,1
4,437,439,1658,119,1
4,439,441,1517,121,1
4,441,443,1441,117,1
4,443,445,1025,84,1
4,445,447,1100,93,1
4,447,449,1100,86,1
4,449,451,869,73,1
4,451,453,1011,84,1
4,453,455,815,71,1
4,455,457,1152,92,1
4,457,459,1200,93,1
4,459,461,1643,131,1
4,461,463,1480,118,1
4,463,465,827,74,1
4,465,467,989,84,1
5,521,523,939,86,1
5,523,525,965,86,1
5,525,527,1544,119,1
5,527,529,1305,117,1
5,529,531,1286,111,1
5,531,533,3000,181,1
5,533,535,1838,129,1
5,535,537,1122,94,1
5,537,539,1025,91,1
5,539,541,1059,93,1
5,541,543,1151,104,1
5,543,545,866,85,1
5,545,547,791,74,1
5,547,549,1016,87,1
5,549,551,848,81,1
5,551,553,945,82,1
5,553,555,821,79,1
5,555,557,876,79,1
5,557,559,1183,97,1
5,559,561,1900,133,1
5,561,563,905,82,1
5,563,565,1670,150,1
6,623,621,1508,134,1
6,625,623,1431,111,1
6,627,625,1166,97,1
6,631,627,1664,125,1
6,633,631,887,86,1
6,635,633,1443,109,1
6,637,635,1321,105,1
6,639,637,1349,107,1
6,641,639,1937,160,1
6,643,641,1399,108,1
6,645,643,1668,120,1
6,647,645,845,84,1
6,649,647,1450,109,1
6,651,649,2036,132,1
6,653,651,1282,103,1
6,655,653,3999,214,1
6,657,655,1238,100,1
6,659,657,1854,125,1
6,661,659,1405,111,1
6,663,661,2115,136,1
6,665,663,2557,167,1
6,667,665,1468,117,1
6,669,667,1543,114,1
6,671,669,1599,112,1
6,673,671,929,84,1
6,675,673,1346,105,1
6,677,675,1194,97,1
7,723,721,935,119,1
7,725,723,734,76,1
7,727,725,1874,131,1
7,729,727,1373,107,1
7,731,729,885,85,1
7,733,731,1205,99,1
7,735,733,869,83,1
7,737,735,1016,90,1
7,739,737,1138,95,1
7,741,739,1332,105,1
7,743,741,1241,102,1
7,745,743,1311,105,1
7,747,745,781,77,1
7,749,747,865,83,1
7,751,749,903,90,1
7,753,751,1464,112,1
7,755,753,906,85,1
7,757,755,1679,124,1
7,759,757,1304,99,1
7,761,759,1021,92,1
8,805,807,2318,174,1
8,807,809,1985,154,1
8,809,811,2056,168,1
8,811,813,1114,103,1
8,813,815,1894,152,1
8,815,817,1543,127,1
8,817,819,1041,98,1
8,819,821,2553,185,1
8,821,823,2555,181,1
8,823,825,1016,94,1
8,825,827,1667,135,1
8,827,829,900,90,1
8,829,831,1018,99,1
8,831,833,1274,113,1
8,833,835,1083,102,1
8,835,837,1188,113,1
8,837,839,902,99,1
9,923,921,1096,112,1
9,925,923,943,96,1
9,927,925,1912,142,1
9,929,927,1398,122,1
9,931,929,1170,114,1
9,933,931,1309,121,1
9,935,933,1778,148,1
9,937,935,1325,108,1
9,939,937,1585,119,1
9,941,939,980,90,1
9,943,941,788,77,1
9,945,943,1347,111,1
10,1001,1003,1110,91,1
10,1003,1005,950,79,1
10,1005,1007,975,83,1
10,1007,1009,1058,86,1
10,1009,1011,1101,90,1
10,1011,1013,1330,100,1
10,1013,1015,973,81,1
10,1015,1017,1100,88,1
10,1017,1019,1020,84,1
10,1019,1021,982,84,1
10,1021,1023,1712,119,1
10,1023,1025,1003,84,1
10,1025,1027,1759,130,1
10,1027,1029,1506,118,1
10,1029,1031,914,87,1
10,1031,1033,853,76,1
10,1033,1035,1149,91,1
10,1035,1037,734,70,1
10,1037,1039,835,75,1
10,1039,1041,1759,125,1
10,1041,1043,1006,87,1
13,1321,1323,2839,200,1
13,1323,1325,1206,110,1
13,1325,1327,1829,140,1
13,1327,1329,4866,300,1
13,1329,1331,2538,160,1
13,1331,1333,3623,260,1
13,1333,1335,1423,110,1
13,1335,1337,2110,150,1
13,1337,1339,4785,290,1
13,1339,1341,2272,150,1
13,1341,1343,6720,400,1
13,1343,1345,2152,150,1
13,1345,1347,1110,100,1
13,1347,1349,1135,100,1
13,1349,1351,1769,140,1
14,1423,1421,1345,107,1
14,1425,1423,4073,257,1
14,1427,1425,1236,101,1
14,1429,1427,2044,146,1
14,1431,1429,1579,124,1
14,1433,1431,845,84,1
14,1447,1445,887,100,1
14,1449,1447,1063,90,1
14,1451,1449,1119,98,1
14,1453,1451,1025,92,1
14,1455,1453,1486,115,1
14,1457,1455,1618,121,1
14,1459,1457,1147,103,1
14,1461,1459,1276,105,1
14,1463,1461,1128,100,1
14,1465,1463,897,80,1
14,1467,1465,1780,128,1
14,1469,1467,708,72,1
14,1471,1469,894,75,1
14,1473,1471,1085,88,1
14,1475,1473,1221,96,1
14,1477,1475,2173,152,1
14,1479,1477,1600,132,1
14,1481,1479,1171,105,1
14,1483,1481,676,70,1
14,1485,1483,1168,98,1
14,1487,1485,903,86,1
14,1489,1487,1283,102,1
14,1491,1489,1100,92,1
14,1493,1491,1364,125,1
15,1527,1525,1144,113,1
15,1529,1527,1337,102,1
15,1531,1529,1999,136,1
15,1533,1531,1368,104,1
15,1535,1533,938,85,1
15,1537,1535,1087,106,1
15,1539,1537,2071,180,1
15,1541,1539,1758,129,1
15,1543,1541,1652,120,1
15,1545,1543,2295,133,1
15,1547,1545,2008,155,1
15,1549,1547,3309,242,1
15,1551,1549,3386,189,1
15,1553,1551,1615,121,1
15,1555,1553,3354,188,1
15,1557,1555,4576,263,1
15,1559,1557,2712,172,1
15,1561,1559,1331,114,1
15,1563,1561,2441,177,1
16,1621,1623,2653,204,1
16,1623,1625,2310,185,1
16,1625,1627,2352,181,1
16,1627,1629,1961,177,1
16,1629,1631,1315,136,1
16,1631,1633,2108,172,1
16,1633,1635,2196,176,1
16,1635,1637,1517,120,1
16,1637,1639,2690,239,1
84,8423,8421,29200,660,1
84,8425,8423,44700,1006,1
84,8427,8425,5100,120,1
84,8429,8427,15000,360,1
84,8431,8429,41600,936,1
85,8525,8523,9100,205,1
85,8527,8525,5100,120,1
85,8529,8527,15400,360,1
89,8923,8921,1167,187,1
89,8925,8923,1733,365,1
89,8927,8925,1670,311,1
89,8929,8927,1508,333,1
89,8931,8929,2922,623,1
90,9021,9023,1021,83,1
90,9023,9025,1097,89,1
90,9025,9027,1804,122,1
90,9027,9029,1058,87,1
90,9029,9031,1677,116,1
90,9031,9033,1269,98,1
90,9033,9035,1244,94,1
90,9035,9037,1130,88,1
90,9037,9039,1254,96,1
90,9039,9041,1688,116,1
90,9041,9043,1547,110,1
90,9043,9045,1143,89,1
90,9045,9047,1717,155,1
90,9047,9049,954,103,1
90,9049,9051,749,73,1
90,9051,9053,1584,111,1
90,9053,9055,2392,163,1
90,9055,9057,1016,84,1
90,9057,9059,2386,157,1
90,9059,9061,1214,94,1
90,9061,9063,1590,112,1
90,9063,9065,1205,103,1
90,9065,9067,961,82,1
90,9067,9069,1495,119,1
91,9123,9121,1297,98,1
91,9125,9123,1266,95,1
91,9127,9125,1044,82,1
91,9129,9127,1065,89,1
91,9131,9129,860,72,1
91,9133,9131,2710,173,1
92,9223,9221,2076,151,1
92,9225,9223,1777,138,1
92,9227,9225,984,94,1
92,9229,9227,2087,149,1
92,9231,9229,1929,145,1
92,9233,9231,1649,124,1
92,9235,9233,1210,106,1
92,9237,9235,1541,138,1
93,9319,9321,2798,198,1
93,9321,9323,5102,302,1
93,9323,9325,1810,118,1
93,9325,9327,1128,87,1
93,9327,9329,1096,86,1
93,9329,9331,1200,91,1
93,9331,9333,1214,93,1
93,9333,9335,987,80,1
93,9335,9337,2035,152,1
93,9337,9339,2918,186,1
93,9339,9341,1811,125,1
94,9419,9421,1213,99,1
94,9421,9423,3508,211,1
94,9423,9425,2433,145,1
94,9425,9427,1683,115,1
94,9427,9429,1958,148,1
94,9429,9431,5357,275,1
94,9431,9433,1964,142,1
94,9433,9435,2027,140,1
94,9435,9437,3799,225,1
94,9437,9439,2397,160,1
94,9439,9441,5440,330,1
95,9521,9523,1405,120,1
95,9523,9525,6466,341,1
95,9525,9527,4041,262,1
95,9527,9529,2150,166,1
95,9529,9531,1474,124,1
95,9531,9533,2003,140,1
95,9533,9535,1188,121,1
95,9535,9537,1738,130,1
95,9537,9539,1332,109,1
95,9539,9541,1330,110,1
95,9541,9543,2200,150,1
96,9621,9623,2631,190,1
96,9623,9625,1275,108,1
96,9625,9627,2366,157,1
96,9627,9629,1982,135,1
96,9629,9631,993,90,1
96,9631,9633,1728,114,1
96,9633,9635,1090,103,1
96,9635,9637,1355,104,1
96,9637,9639,2337,164,1
96,9639,9641,2301,150,1
96,9641,9643,2055,140,1
96,9643,9645,1281,102,1
96,9645,9647,1334,105,1
97,9702,9701,1715,140,1
97,9703,9702,1375,120,1
97,9704,9703,2002,140,1
97,9705,9704,1894,140,1
97,9706,9705,1912,140,1
97,9707,9706,1763,150,1
97,9708,9707,1700,140,1
97,9709,9708,1465,120,1
97,9710,9709,990,90,1
97,9711,9710,1225,110,1
97,9712,9711,1257,100,1
97,9713,9712,776,80,1